7
jessica.samba: 0.2768170382389075
o_que_e_o_amor.samba: 0.10526761531503485
a_flor_e_o_espinho.samba: 0.09986261498556197
ja_e.samba: 0.0666989327838526
andanca.samba: 0.0318881272411689
luz_do_repente.samba: 0.029254356021239342
meu_lugar.samba: 0.024136468402569465
